001
002
003
004
005
20260220
20260222
20260224
20260225
20260226
20260227
20260228
20260229
20260301000000
20260302000000
20260303000000
20260304000000
20260305000000
20260306000000
20260307000000
20260308000000
20260309000000
20260310000000
20260310010000
20260311000000
20260311010000
20260312000000
20260313000000
20260314000000
20260315000000
20260315000001
20260315000002
20260316000000
20260317000000
20260317120000
20260322130000
20260328000000
20260329000000
20260330000000
20260401000000
20260401180000
20260402000000
20260402120000
20260403000000
20260403120000
20260404000000
20260405000000
20260409000000
20260409000001
20260409000002
20260409000003
20260409120000
20260409140000
20260410000000
20260410120000
20260410140000
20260411000000
20260412000000
20260413000000
20260415000000
20260416000000
20260416010000
20260417000000
20260417010000
20260418000000
20260418000001
20260418000002
20260419000000
20260419000001
20260419010000
20260420000000
20260421000000
20260421000001
20260422000000
20260422000001
20260422000002
20260423000000
20260424000000
20260424120000
20260424224700
20260425000000
20260426000000
20260426000001
20260426100000
20260426110000
20260427000000
20260428000000
20260428110000
20260428120000
20260429000000
20260429120000
20260429130000
20260429130100
20260429130200
20260429130300
20260429140000
20260430000000
20260430100000
20260430100100
20260430120000
20260430140000
20260430150000
20260430160000
20260430200000
20260430210000
20260430220000
20260430220100
20260430220150
20260430230000
20260430240000
20260430250000
20260430250100
20260430260000
20260430260100
20260430270000
20260430270100
20260430270500
20260430271000
20260430280000
20260430290000
20260430300000
20260430310000
20260430310100
20260430311000
20260430311100
20260430312000
20260430320000
20260430321000
20260430322000
20260430323000
20260430323100
20260430330000
20260430350000
20260430360000
20260431230100
20260431230200
20260431240000
20260517000000
20260518000000
20260519000000
20260521000000
20260524000000
20260524000001
20260527010000
20260527010100
20260527010200
20260527010300
20260527010400
20260531000000
20260602000000
20260602000002
20260602223038
20260603000000
20260609000000
20260609000001
20260609000002
20260612000000
20260624000000
20260624000100
20260624000200
20260702000000
20260704000000
20260704000100
20260712000000
20260712010000
20260714000000
20260715000000
20260716000000
20260716174444
20260716213639
20260717000000
20260717010000
20260717020000
20260718000000
20260719000000
20260720000000
20260721000000
20260722000000
20260723000000
20260724000000
20260725000000
20260730000000
20260731000000
20260801000000
